40.536683 -74.191334 42945376.0
40.537503 -74.190513 42946752.0
40.537463 -74.190434 42946754.0
40.537384 -74.190361 42946763.0
40.537343 -74.190328 42946766.0
40.537272 -74.190269 42946773.0
40.552933 -74.200936 42947498.0
40.552288 -74.200619 42947500.0
40.542684 -74.188236 42948282.0
40.541947 -74.190875 42948285.0
40.541218 -74.193513 42948290.0
40.540497 -74.196092 42948295.0
40.550358 -74.180503 42948323.0
40.549496 -74.181238 42948325.0
40.547715 -74.182789 42948329.0
40.545891 -74.184347 42948332.0
40.544725 -74.185359 42948336.0
40.55517 -74.202016 42950074.0
40.554582 -74.201757 42950079.0
40.554276 -74.201608 42950082.0
40.553908 -74.201444 42950087.0
40.553581 -74.201301 42950091.0
40.554945 -74.20291 42950099.0
40.553755 -74.202337 42950105.0
40.554343 -74.202628 42950113.0
40.549556 -74.198193 42951513.0
40.549171 -74.197981 42951517.0
40.548572 -74.197708 42951521.0
40.547985 -74.197404 42951525.0
40.556333 -74.182129 42951590.0
40.554512 -74.181673 42951592.0
40.553097 -74.181382 42951594.0
40.551733 -74.181031 42951596.0
40.551198 -74.180907 42951598.0
40.550673 -74.181348 42951599.0
40.556427 -74.197728 42952843.0
40.557307 -74.198609 42952845.0
40.558117 -74.197849 42952848.0
40.55815 -74.197812 42952850.0
40.558172 -74.197767 42952854.0
40.558183 -74.197712 42952856.0
40.558179 -74.197654 42952858.0
40.558162 -74.197604 42952859.0
40.558137 -74.197565 42952864.0
40.557589 -74.196997 42952867.0
40.556666 -74.196054 42952871.0
40.555923 -74.197157 42952875.0
40.553271 -74.18825 42952990.0
40.552816 -74.187783 42952993.0
40.552424 -74.187074 42952997.0
40.55198 -74.186168 42953001.0
40.551783 -74.185773 42953002.0
40.551709 -74.185644 42953007.0
40.551455 -74.185156 42953012.0
40.551056 -74.184353 42953015.0
40.550675 -74.183582 42953021.0
40.550267 -74.182784 42953025.0
40.549888 -74.18202 42953027.0
40.549106 -74.180462 42953034.0
40.563962 -74.181182 42953616.0
40.561293 -74.172663 42954226.0
40.561234 -74.173123 42954229.0
40.560899 -74.172561 42954233.0
40.561639 -74.172738 42954236.0
40.54889 -74.199604 42955293.0
40.548812 -74.200143 42955295.0
40.560348 -74.177025 42955325.0
40.560619 -74.174935 42955327.0
40.560224 -74.178 42955395.0
40.56008 -74.179352 42955398.0
40.559974 -74.180391 42955400.0
40.550777 -74.191771 42956915.0
40.550849 -74.191871 42956918.0
40.550904 -74.191975 42956923.0
40.550945 -74.19208 42956930.0
40.550978 -74.192199 42956933.0
40.550991 -74.19227 42956937.0
40.551877 -74.179943 42957637.0
40.546622 -74.189306 42958553.0
40.5474 -74.190786 42958556.0
40.54866 -74.193252 42958561.0
40.564175 -74.181233 42959427.0
40.563959 -74.183076 42959429.0
40.54631 -74.197881 42959761.0
40.54613 -74.19859 42959765.0
40.546474 -74.198778 42959773.0
40.546694 -74.198087 42959777.0
40.544572 -74.195094 42959982.0
40.545301 -74.192473 42959985.0
40.5456 -74.191402 42959989.0
40.546039 -74.189885 42959993.0
40.547258 -74.188768 42959997.0
40.547854 -74.188258 42959998.0
40.549671 -74.186671 42960001.0
40.551185 -74.18538 42960003.0
40.552279 -74.184465 42960010.0
40.552796 -74.183992 42960015.0
40.553177 -74.183607 42960018.0
40.553342 -74.18267 42960024.0
40.561245 -74.184084 42960102.0
40.561166 -74.184212 42960104.0
40.560884 -74.185737 42960105.0
40.561429 -74.18597 42960107.0
40.561317 -74.186863 42960109.0
40.547594 -74.19892 42960470.0
40.547762 -74.198185 42960473.0
40.548423 -74.196147 42960477.0
40.561374 -74.180647 42961153.0
40.561637 -74.178273 42961155.0
40.563713 -74.178991 42961389.0
40.563474 -74.181072 42961392.0
40.537203 -74.191605 42961437.0
40.536508 -74.194097 42961441.0
40.548132 -74.19985 42962099.0
40.554066 -74.186921 42962209.0
40.55373 -74.186535 42962211.0
40.553489 -74.186708 42962215.0
40.553278 -74.186363 42962217.0
40.544786 -74.196096 42962283.0
40.544332 -74.195857 42962286.0
40.555255 -74.177475 42962560.0
40.555531 -74.178313 42962563.0
40.552085 -74.198297 42962622.0
40.552113 -74.198156 42962624.0
40.552154 -74.198017 42962628.0
40.552208 -74.197884 42962631.0
40.552274 -74.197761 42962634.0
40.552345 -74.197656 42962636.0
40.552435 -74.197551 42962639.0
40.552514 -74.197478 42962646.0
40.549401 -74.198948 42964085.0
40.549214 -74.199739 42964088.0
40.559452 -74.178785 42964214.0
40.559398 -74.179244 42964216.0
40.545496 -74.193821 42964521.0
40.546134 -74.195084 42964525.0
40.553899 -74.200166 42964539.0
40.554227 -74.200346 42964541.0
40.554516 -74.200692 42964545.0
40.559565 -74.177834 42964809.0
40.558888 -74.177696 42964813.0
40.55822 -74.177568 42964819.0
40.54534 -74.189556 42965098.0
40.544693 -74.189198 42965102.0
40.542001 -74.187924 42965115.0
40.541123 -74.188394 42965120.0
40.540558 -74.187688 42965121.0
40.563215 -74.176559 42965436.0
40.561905 -74.176281 42965437.0
40.556578 -74.200059 42966019.0
40.556137 -74.199626 42966021.0
40.555645 -74.199097 42966710.0
40.555269 -74.198604 42966713.0
40.5526 -74.185065 42968274.0
40.5528 -74.184902 42968276.0
40.551918 -74.191163 42968496.0
40.552116 -74.190732 42968499.0
40.550365 -74.192152 42968510.0
40.550338 -74.192186 42968515.0
40.550308 -74.192248 42968520.0
40.550289 -74.19232 42968524.0
40.550286 -74.192408 42968528.0
40.5503 -74.192481 42968529.0
40.550333 -74.192559 42968534.0
40.551212 -74.193799 42968537.0
40.551248 -74.193836 42968541.0
40.551284 -74.193858 42968545.0
40.551335 -74.193869 42968548.0
40.551429 -74.193835 42968554.0
40.551465 -74.193797 42968557.0
40.551811 -74.193253 42968560.0
40.552071 -74.192261 42968564.0
40.552231 -74.191547 42968567.0
40.551667 -74.190911 42968571.0
40.551506 -74.190964 42968575.0
40.551329 -74.191237 42968577.0
40.551152 -74.19143 42968579.0
40.550962 -74.191614 42968582.0
40.551427 -74.198047 42971062.0
40.550766 -74.197804 42971066.0
40.550374 -74.198482 42971073.0
40.550007 -74.199199 42971078.0
40.549813 -74.199988 42971080.0
40.548779 -74.193024 42971421.0
40.549094 -74.193393 42971426.0
40.549993 -74.194484 42971429.0
40.550041 -74.194577 42971430.0
40.550066 -74.194656 42971432.0
40.550081 -74.194761 42971435.0
40.55008 -74.194846 42971437.0
40.550069 -74.194928 42971439.0
40.549917 -74.195484 42971442.0
40.54972 -74.196239 42971446.0
40.564388 -74.185189 42971768.0
40.564102 -74.185151 42971770.0
40.551104 -74.182092 42972180.0
40.548491 -74.184349 42972182.0
40.54669 -74.185903 42972184.0
40.544991 -74.187362 42972187.0
40.54254 -74.194147 42972197.0
40.541847 -74.196713 42972200.0
40.540607 -74.190235 42973415.0
40.539874 -74.192868 42973418.0
40.539179 -74.195425 42973420.0
40.552055 -74.182385 42975063.0
40.548894 -74.185117 42975067.0
40.547067 -74.186679 42975070.0
40.545317 -74.188179 42975073.0
40.543961 -74.191833 42975078.0
40.543228 -74.194472 42975082.0
40.557634 -74.176463 42975790.0
40.557567 -74.177001 42975793.0
40.557515 -74.177421 42975794.0
40.557369 -74.178314 42975797.0
40.556003 -74.178101 42975800.0
40.551733 -74.199914 42976273.0
40.539937 -74.189914 42976622.0
40.539205 -74.192553 42976625.0
40.538487 -74.195077 42976628.0
40.546716 -74.199108 42976817.0
40.54697 -74.198215 42976822.0
40.547218 -74.197341 42976825.0
40.547473 -74.196471 42976827.0
40.548011 -74.194613 42976829.0
40.548329 -74.193969 42976839.0
40.552909 -74.185439 42977503.0
40.553098 -74.185826 42977507.0
40.553001 -74.185906 42977511.0
40.552776 -74.186097 42977515.0
40.553286 -74.199627 42977947.0
40.561133 -74.182487 42977966.0
40.547897 -74.193459 42978015.0
40.546908 -74.191527 42978018.0
40.552636 -74.1825 42979273.0
40.552578 -74.182886 42979274.0
40.552559 -74.182977 42979278.0
40.55252 -74.183071 42979280.0
40.552472 -74.183144 42979283.0
40.552416 -74.183205 42979288.0
40.552388 -74.183225 42979294.0
40.549288 -74.185891 42979301.0
40.547465 -74.187468 42979304.0
40.545699 -74.188987 42979309.0
40.545246 -74.189924 42979314.0
40.544626 -74.192136 42979316.0
40.543896 -74.194794 42979319.0
40.543396 -74.196609 42979323.0
40.54335 -74.196765 42979327.0
40.543318 -74.196892 42979333.0
40.543291 -74.197081 42979341.0
40.543401 -74.196675 42979355.0
40.543419 -74.196734 42979358.0
40.543464 -74.196796 42979361.0
40.543498 -74.19682 42979363.0
40.543547 -74.196835 42979366.0
40.543587 -74.196832 42979368.0
40.543627 -74.196814 42979372.0
40.551906 -74.199105 42979382.0
40.557279 -74.17639 42979726.0
40.558962 -74.176742 42979730.0
40.559603 -74.176882 42979735.0
40.561063 -74.177174 42979744.0
40.561775 -74.177308 42979749.0
40.562463 -74.177425 42979753.0
40.563623 -74.177595 42979756.0
40.556415 -74.182068 42980789.0
40.557435 -74.181066 42980851.0
40.548729 -74.194097 42980996.0
40.553828 -74.184695 42981026.0
40.550968 -74.190971 42983096.0
40.549523 -74.188076 42983100.0
40.537831 -74.194762 42984268.0
40.551753 -74.192003 42984595.0
40.551653 -74.191962 42984598.0
40.564869 -74.181377 42985228.0
40.564653 -74.183221 42985230.0
40.545628 -74.197528 42985457.0
40.545949 -74.1967 42985459.0
40.546265 -74.195863 42985466.0
40.554549 -74.186093 42985931.0
40.551594 -74.200557 42986359.0
40.56435 -74.184645 42986367.0
40.564613 -74.184278 42986369.0
40.564674 -74.184117 42986372.0
40.544701 -74.195156 42986758.0
40.541886 -74.19384 42986773.0
40.540551 -74.193197 42986778.0
40.538533 -74.192232 42986784.0
40.537865 -74.191912 42986787.0
40.561335 -74.175094 42987605.0
40.561535 -74.173546 42987609.0
40.561679 -74.172446 42987615.0
40.561704 -74.172255 42987621.0
40.550967 -74.200462 42987674.0
40.550793 -74.200969 42987676.0
40.553985 -74.183829 42991047.0
40.554107 -74.18391 42991050.0
40.55419 -74.183985 42991052.0
40.559094 -74.175398 42993884.0
40.559028 -74.175152 42993893.0
40.553713 -74.194161 42994261.0
40.55293 -74.195453 42994265.0
40.552872 -74.195539 42994270.0
40.552836 -74.195597 42994274.0
40.5528 -74.195682 42994277.0
40.552778 -74.195762 42994281.0
40.552767 -74.195866 42994286.0
40.552915 -74.196511 42994291.0
40.552937 -74.196575 42994295.0
40.552972 -74.196632 42994300.0
40.553022 -74.196676 42994304.0
40.553079 -74.196697 42994307.0
40.553135 -74.196696 42994310.0
40.553178 -74.19668 42994318.0
40.553379 -74.196578 42994324.0
40.553641 -74.196422 42994330.0
40.554155 -74.195573 42994333.0
40.554689 -74.19467 42994336.0
40.554895 -74.194281 42994338.0
40.554687 -74.194001 42994340.0
40.554162 -74.193505 42994343.0
40.554881 -74.193579 42994361.0
40.556184 -74.180902 42994913.0
40.55642 -74.179083 42994915.0
40.556573 -74.197487 42996972.0
40.556615 -74.197403 42996975.0
40.556647 -74.1973 42996978.0
40.556683 -74.197177 42996981.0
40.551437 -74.185887 42997169.0
40.5516 -74.186219 42997173.0
40.54742 -74.19415 42997220.0
40.546775 -74.19464 42997223.0
40.545606 -74.195498 42997229.0
40.557764 -74.18073 42997929.0
40.557756 -74.179433 42997933.0
40.557126 -74.179236 42997939.0
40.556328 -74.17906 42997950.0
40.556221 -74.179046 42997956.0
40.556107 -74.179059 42997959.0
40.555958 -74.179121 42997965.0
40.555849 -74.179178 42997969.0
40.555781 -74.17923 42997972.0
40.555714 -74.179295 42997975.0
40.555666 -74.179401 42997978.0
40.555646 -74.179498 42997980.0
40.555632 -74.179602 42997984.0
40.555619 -74.179706 42997986.0
40.555605 -74.179825 42997989.0
40.555489 -74.180749 42997993.0
40.545256 -74.195347 42998139.0
40.551442 -74.197933 42998700.0
40.551471 -74.19779 42998702.0
40.551526 -74.197612 42998705.0
40.551581 -74.197481 42998707.0
40.551621 -74.197402 42998710.0
40.550687 -74.188571 43000503.0
40.553981 -74.185755 43000507.0
40.554096 -74.185657 43000510.0
40.54969 -74.192866 43001198.0
40.550725 -74.194294 43001201.0
40.55075 -74.194348 43001203.0
40.550781 -74.194445 43001204.0
40.550797 -74.194539 43001207.0
40.550799 -74.194636 43001210.0
40.550792 -74.194718 43001213.0
40.550424 -74.196118 43001215.0
40.550395 -74.196195 43001217.0
40.550346 -74.196275 43001220.0
40.550289 -74.196339 43001224.0
40.550219 -74.196384 43001227.0
40.550146 -74.196403 43001230.0
40.550067 -74.196408 43001233.0
40.550003 -74.196394 43001237.0
40.549947 -74.19637 43001239.0
40.549879 -74.196338 43001241.0
40.5498 -74.196297 43001242.0
40.549193 -74.195764 43001245.0
40.548492 -74.19489 43001247.0
40.548481 -74.194767 43001251.0
40.548529 -74.194584 43001254.0
40.548588 -74.194409 43001258.0
40.54865 -74.194258 43001261.0
40.548364 -74.194872 43001706.0
40.555895 -74.17714 43002395.0
40.554447 -74.177909 43002401.0
40.554284 -74.178581 43002404.0
40.554167 -74.179503 43002408.0
40.549182 -74.192642 43002438.0
40.547868 -74.190061 43002442.0
40.565409 -74.183379 43002781.0
40.563249 -74.182928 43002787.0
40.562553 -74.182783 43002791.0
40.56183 -74.182632 43002794.0
40.560883 -74.182435 43002798.0
40.553894 -74.195317 43004122.0
40.553799 -74.195319 43004126.0
40.562267 -74.173485 43005210.0
40.562568 -74.174218 43005215.0
40.562826 -74.174888 43005218.0
40.562962 -74.175444 43005221.0
40.563941 -74.177884 43005231.0
40.56526 -74.181457 43005234.0
40.564839 -74.184758 43005289.0
40.564695 -74.184976 43005293.0
40.564549 -74.185254 43005295.0
40.56445 -74.185641 43005299.0
40.564361 -74.186061 43005302.0
40.563204 -74.190112 43005336.0
40.562587 -74.190945 43005348.0
40.562548 -74.191121 43005352.0
40.557181 -74.199466 43005425.0
40.556444 -74.200194 43005426.0
40.55598 -74.201 43005445.0
40.555932 -74.201206 43005448.0
40.555897 -74.201418 43005451.0
40.555876 -74.201644 43005454.0
40.555868 -74.201853 43005456.0
40.553496 -74.178402 43006781.0
40.562039 -74.175251 43006958.0
40.563597 -74.178777 43008862.0
40.563178 -74.178691 43008867.0
40.563009 -74.1789 43008871.0
40.552367 -74.200231 43009251.0
40.552643 -74.199166 43009262.0
40.563591 -74.187194 43009700.0
40.563402 -74.187213 43009703.0
40.562919 -74.18713 43009705.0
40.562721 -74.187032 43009707.0
40.561776 -74.186874 43009710.0
40.561612 -74.186907 43009713.0
40.56079 -74.186772 43009717.0
40.560592 -74.18666 43009719.0
40.560019 -74.186534 43009725.0
40.560023 -74.18623 43009729.0
40.560174 -74.185839 43009733.0
40.560296 -74.184683 43009740.0
40.560273 -74.184409 43009743.0
40.560299 -74.184096 43009746.0
40.56047 -74.183239 43009750.0
40.560608 -74.181544 43009758.0
40.560539 -74.181303 43009761.0
40.560548 -74.181119 43009764.0
40.56055 -74.181059 43009767.0
40.560536 -74.181008 43009770.0
40.560496 -74.180875 43009773.0
40.56053 -74.18048 43009780.0
40.558831 -74.178177 43009921.0
40.558908 -74.17744 43009923.0
40.548921 -74.196529 43010524.0
40.549426 -74.197029 43010527.0
40.562341 -74.178415 43011096.0
40.562067 -74.180773 43011100.0
40.545971 -74.193061 43011379.0
40.54614 -74.192739 43011382.0
40.559901 -74.174774 43011411.0
40.539839 -74.195764 43012049.0
40.537157 -74.19444 43012097.0
40.538876 -74.188277 43012810.0
40.538595 -74.189279 43012812.0
40.552945 -74.18256 43012976.0
40.556226 -74.198483 43012994.0
40.555245 -74.197542 43012996.0
40.554444 -74.198422 43013000.0
40.554417 -74.198483 43013003.0
40.554403 -74.198544 43013007.0
40.554403 -74.198629 43013014.0
40.554418 -74.198701 43013016.0
40.554447 -74.198761 43013019.0
40.555005 -74.199495 43013023.0
40.555055 -74.199538 43013025.0
40.555101 -74.199559 43013028.0
40.555158 -74.199561 43013030.0
40.555205 -74.199546 43013033.0
40.555258 -74.199506 43013035.0
40.560938 -74.17813 43013091.0
40.553534 -74.197093 43013499.0
40.56361 -74.178126 43013922.0
40.554868 -74.179658 43014075.0
40.55496 -74.178918 43014077.0
40.551473 -74.20067 43014348.0
40.551491 -74.200669 43014350.0
40.551534 -74.200651 43014353.0
40.551572 -74.200611 43014356.0
40.55496 -74.195532 43014431.0
40.554643 -74.196047 43014434.0
40.554625 -74.196104 43014438.0
40.554619 -74.196179 43014442.0
40.55463 -74.196253 43014444.0
40.554651 -74.196305 43014445.0
40.554663 -74.196323 43014446.0
40.554738 -74.196418 43014450.0
40.554836 -74.196511 43014453.0
40.554935 -74.196582 43014456.0
40.554987 -74.196611 43014459.0
40.555122 -74.196615 43014463.0
40.555259 -74.196599 43014466.0
40.555386 -74.196566 43014469.0
40.555492 -74.196523 43014471.0
40.556091 -74.195504 43014473.0
40.555809 -74.19516 43014474.0
40.555419 -74.194807 43014475.0
40.555998 -74.194732 43014484.0
40.554658 -74.180563 43014596.0
40.553531 -74.179377 43015008.0
40.553284 -74.180262 43015011.0
40.553553 -74.184954 43015213.0
40.553765 -74.18532 43015215.0
40.553887 -74.185217 43015226.0
40.561547 -74.172345 43015232.0
40.561311 -74.172295 43015237.0
40.556884 -74.181028 43015941.0
40.556891 -74.181592 43015943.0
40.550026 -74.179658 43016863.0
40.563274 -74.184374 43016992.0
40.563177 -74.184012 43016995.0
40.56283 -74.183845 43016998.0
40.562747 -74.183998 43017003.0
40.562855 -74.183558 43017006.0
40.562318 -74.184238 43017045.0
40.562362 -74.183684 43017048.0
40.557813 -74.196604 43017059.0
40.554087 -74.192752 43017064.0
40.552389 -74.191021 43017067.0
40.551601 -74.190145 43017075.0
40.551431 -74.189914 43017082.0
40.551284 -74.189699 43017089.0
40.551093 -74.189372 43017101.0
40.550941 -74.189086 43017109.0
40.550796 -74.188797 43017115.0
40.550147 -74.187573 43017126.0
40.548103 -74.183558 43017134.0
40.547323 -74.181996 43017147.0
40.56277 -74.180924 43017841.0
40.542605 -74.191187 43017895.0
40.541278 -74.190555 43017900.0
40.539264 -74.189595 43017901.0
40.546804 -74.196128 43017912.0
40.547061 -74.195236 43017915.0
40.559632 -74.174733 43018315.0
40.551141 -74.179799 43018337.0
40.552583 -74.180099 43018345.0
40.557283 -74.181204 43018361.0
40.548944 -74.188588 43018833.0
40.545157 -74.18285 43019186.0
40.539893 -74.187401 43019194.0
40.545505 -74.183571 43019474.0
40.546289 -74.185122 43019478.0
40.548385 -74.189258 43019494.0
40.549769 -74.192108 43019498.0
40.553089 -74.190153 43019540.0
40.557516 -74.197109 43019806.0
40.557462 -74.197215 43019809.0
40.557412 -74.197337 43019813.0
40.557368 -74.197485 43019814.0
40.55736 -74.197525 43019817.0
40.553948 -74.184569 43021146.0
40.553356 -74.18505 43021151.0
40.546672 -74.191896 43021163.0
40.546433 -74.192268 43021167.0
40.545882 -74.191529 43021331.0
40.545953 -74.191522 43021334.0
40.559856 -74.182606 43022038.0
40.552762 -74.178829 43022318.0
40.554066 -74.194416 43023144.0
40.547297 -74.194016 43023377.0
40.552695 -74.195045 43023692.0
40.551458 -74.192956 43023940.0
40.558095 -74.178495 43024007.0
40.558428 -74.179094 43024011.0
40.542421 -74.186378 43024032.0
40.543841 -74.185004 43024043.0
40.553166 -74.195706 43024364.0
40.553208 -74.19583 43024366.0
40.553338 -74.185016 43025215.0
40.563166 -74.185227 43026652.0
40.562824 -74.185188 43026656.0
40.562571 -74.185282 43026663.0
40.561744 -74.185118 43026669.0
40.561763 -74.184691 43026674.0
40.561717 -74.184258 43026678.0
40.561397 -74.184112 43026682.0
40.544592 -74.186595 43026818.0
40.555201 -74.195698 43026963.0
40.559294 -74.17391 60648336.0
40.558371 -74.180231 389415389.0
40.542863 -74.188317 389434031.0
40.552492 -74.184276 416963066.0
40.551248 -74.184739 416963114.0
40.551082 -74.197907 428687338.0
40.553011 -74.191631 428687339.0
40.549392 -74.196956 428687357.0
40.549356 -74.19733 428687359.0
40.549479 -74.198124 428687365.0
40.554418 -74.201065 428687366.0
40.554453 -74.200932 428687368.0
40.539661 -74.188187 448121318.0
40.543633 -74.184163 448121601.0
40.560324 -74.173084 448134950.0
40.543299 -74.191518 523529973.0
40.54298 -74.192679 523529978.0
40.542674 -74.193658 523530021.0
40.56306 -74.176039 1032440343.0
40.563121 -74.176296 1032440344.0
40.563594 -74.177976 1032440347.0
40.56335 -74.17687 1032440397.0
40.563521 -74.177203 1032440398.0
40.564026 -74.178072 1032440399.0
40.564087 -74.178238 1032440400.0
40.564434 -74.179247 1032440401.0
40.564629 -74.179789 1032440402.0
40.543838 -74.196524 1955864938.0
40.544004 -74.197653 1955864967.0
40.544267 -74.197806 1955865041.0
40.544582 -74.197994 1955865091.0
40.54544 -74.196438 1955865232.0
40.552403 -74.200698 2545432938.0
40.553983 -74.201478 2545433723.0
40.56095 -74.185854 2545468338.0
40.560918 -74.185388 2545468344.0
40.560974 -74.185234 2545468424.0
40.561019 -74.18474 2545468456.0
40.561142 -74.18451 2545468545.0
40.561361 -74.186476 2545468698.0
40.561411 -74.186335 2545468722.0
40.561472 -74.184147 2545468765.0
40.56167 -74.184208 2545468960.0
40.562385 -74.184371 2545469473.0
40.562922 -74.184462 2545469973.0
40.563116 -74.184344 2545470108.0
40.563132 -74.183893 2545470119.0
40.563151 -74.184347 2545470131.0
40.563706 -74.185456 2545470477.0
40.563735 -74.18516 2545470490.0
40.563748 -74.185024 2545470495.0
40.563767 -74.184832 2545470506.0
40.564058 -74.185208 2545470526.0
40.564068 -74.185078 2545470614.0
40.564073 -74.185509 2545470619.0
40.564082 -74.184943 2545470622.0
40.564282 -74.184587 2545470697.0
40.564293 -74.185178 2545470702.0
40.564413 -74.184908 2545470731.0
40.564458 -74.184525 2545470757.0
40.545111 -74.188352 2546939162.0
40.544941 -74.188535 2546939164.0
40.544829 -74.188786 2546939167.0
40.54068 -74.187322 2550747344.0
40.54135 -74.187628 2550747346.0
40.542958 -74.189982 2550778059.0
40.543669 -74.190215 2550778236.0
40.550388 -74.191521 2550851886.0
40.551605 -74.193062 2550869775.0
40.557692 -74.17937 2551285621.0
40.557713 -74.180374 2551285652.0
40.554285 -74.18406 2551328241.0
40.554389 -74.184158 2551328242.0
40.555014 -74.183112 2551328243.0
40.555248 -74.183235 2551328244.0
40.55398 -74.194399 2571483051.0
40.554072 -74.193574 2571483055.0
40.554122 -74.193518 2571483057.0
40.554205 -74.193516 2571483059.0
40.554248 -74.193557 2571483061.0
40.554854 -74.194169 2571483063.0
40.554862 -74.194412 2571483065.0
40.554882 -74.194215 2571483068.0
40.554887 -74.194348 2571483070.0
40.555125 -74.195681 2571483072.0
40.555346 -74.194857 2571483074.0
40.555375 -74.194824 2571483077.0
40.555474 -74.19482 2571483079.0
40.555515 -74.194854 2571483081.0
40.556041 -74.195402 2571483083.0
40.556059 -74.195616 2571483085.0
40.556075 -74.195447 2571483087.0
40.556086 -74.195556 2571483089.0
40.555208 -74.197565 2576295058.0
40.555282 -74.197538 2576295059.0
40.555343 -74.197563 2576295060.0
40.539762 -74.187901 2812037833.0
40.553391 -74.179523 2895364829.0
40.553631 -74.179389 2895364830.0
40.554356 -74.178041 2895368582.0
40.556085 -74.177117 2895368583.0
40.556491 -74.1759 2895368584.0
40.556493 -74.176054 2895368585.0
40.556508 -74.176149 2895368586.0
40.55655 -74.176243 2895368588.0
40.549009 -74.193515 2895424291.0
40.549202 -74.193274 2895424292.0
40.549628 -74.192874 2895424293.0
40.549748 -74.192899 2895424294.0
40.552874 -74.201156 2895425202.0
40.553171 -74.191801 2895425203.0
40.553052 -74.200495 2895425204.0
40.553292 -74.194061 2895425205.0
40.55354 -74.201462 2895425207.0
40.553721 -74.200809 2895425208.0
40.553826 -74.192484 2895425209.0
40.555913 -74.20132 2895425219.0
40.560369 -74.183355 2896285999.0
40.560712 -74.183277 2896297406.0
40.560955 -74.183368 2896297409.0
40.559929 -74.180913 2896300011.0
40.559961 -74.181292 2896300012.0
40.563037 -74.178787 2896300013.0
40.563686 -74.178857 2896300014.0
40.557455 -74.198571 2898054422.0
40.55499 -74.183516 2907420299.0
40.55502 -74.184624 2907420300.0
40.555014 -74.184684 2907420901.0
40.555035 -74.184725 2907420902.0
40.555136 -74.184421 2907420903.0
40.555143 -74.184395 2907420904.0
40.555142 -74.18436 2907420905.0
40.555135 -74.184203 2907420906.0
40.555233 -74.183678 2907420907.0
40.555289 -74.183709 2907420908.0
40.555601 -74.18534 2907420909.0
40.555893 -74.184036 2907420910.0
40.555918 -74.185856 2907420911.0
40.555948 -74.185405 2907420912.0
40.555949 -74.184128 2907420913.0
40.556006 -74.184541 2907420914.0
40.552852 -74.191498 3533642925.0
40.55981 -74.173516 4203337823.0
40.560067 -74.173312 4203337825.0
40.555838 -74.202073 4204979689.0
40.555854 -74.202313 4204979690.0
40.555931 -74.202761 4204979693.0
40.555994 -74.203125 4204979694.0
40.551277 -74.201196 4205023189.0
40.552233 -74.201639 4205023190.0
40.553391 -74.184974 4205050889.0
40.553427 -74.185038 4205050890.0
40.553467 -74.184898 4205050891.0
40.553553 -74.184825 4205050892.0
40.553705 -74.202314 4205050893.0
40.554638 -74.183696 4205050894.0
40.554729 -74.183598 4205050895.0
40.554903 -74.183407 4205050896.0
40.555123 -74.183158 4205050897.0
40.556157 -74.182053 4205050898.0
40.556499 -74.181722 4205050899.0
40.556835 -74.181395 4205050900.0
40.556843 -74.181325 4205050901.0
40.556948 -74.181285 4205050902.0
40.557123 -74.181079 4205050903.0
40.557155 -74.181085 4205050904.0
40.557226 -74.181016 4205050905.0
40.557401 -74.180866 4205050906.0
40.557741 -74.180571 4205050907.0
40.558218 -74.180325 4205050908.0
40.558232 -74.180168 4205050909.0
40.558438 -74.180066 4205050910.0
40.558518 -74.180183 4205050911.0
40.558642 -74.180185 4205050912.0
40.558732 -74.180054 4205050913.0
40.558898 -74.180213 4205050914.0
40.558976 -74.180101 4205050915.0
40.559989 -74.180246 4205050916.0
40.560441 -74.180321 4205050917.0
40.560676 -74.180348 4205050918.0
40.561242 -74.180474 4205050919.0
40.561389 -74.180504 4205050920.0
40.561939 -74.180623 4205050921.0
40.562082 -74.180643 4205050922.0
40.562556 -74.180741 4205050923.0
40.562784 -74.180787 4205050924.0
40.563195 -74.180876 4205050925.0
40.563493 -74.180931 4205050926.0
40.563846 -74.181012 4205050927.0
40.564312 -74.181115 4205050928.0
40.56513 -74.181278 4205050929.0
40.565197 -74.181291 4205050930.0
40.558342 -74.197136 4205058690.0
40.552934 -74.191567 4205141789.0
40.553251 -74.191888 4205141790.0
40.553541 -74.192186 4205141791.0
40.553619 -74.192272 4205141792.0
40.551937 -74.190528 4205149089.0
40.547073 -74.199291 4205158590.0
40.543806 -74.197553 4285339549.0
40.543379 -74.197358 4285339554.0
40.543327 -74.197198 4285339556.0
40.543272 -74.197177 4285339557.0
40.542558 -74.196908 4285339559.0
40.553769 -74.194211 4285339578.0
40.554107 -74.195526 4285339579.0
40.557122 -74.199405 4285339808.0
40.551438 -74.197964 4285339825.0
40.551067 -74.197901 4285339826.0
40.552943 -74.194636 4285339853.0
40.55299 -74.195517 4285339854.0
40.552886 -74.195517 4285339855.0
40.554033 -74.192841 4285339856.0
40.552167 -74.191413 4285339857.0
40.552239 -74.191725 4285339858.0
40.551668 -74.190221 4285339860.0
40.551563 -74.190094 4285339861.0
40.550229 -74.18751 4285339862.0
40.550201 -74.187672 4285339863.0
40.550092 -74.187469 4285339864.0
40.550091 -74.187618 4285339865.0
40.549761 -74.186595 4285339866.0
40.549607 -74.186727 4285339867.0
40.549359 -74.18583 4285339868.0
40.549228 -74.185947 4285339869.0
40.546983 -74.18138 4285339870.0
40.54519 -74.182913 4285339873.0
40.540653 -74.187404 4285339874.0
40.54071 -74.187214 4285339875.0
40.548975 -74.199639 4411838553.0
40.55087 -74.200422 4411864520.0
40.555641 -74.203257 4411864526.0
40.565283 -74.183353 4411864553.0
40.565309 -74.183145 4411864554.0
40.565329 -74.182957 4411864555.0
40.565352 -74.18275 4411864556.0
40.565362 -74.182605 4411864557.0
40.565354 -74.182428 4411864558.0
40.565336 -74.182163 4411864559.0
40.565303 -74.18198 4411864560.0
40.551354 -74.193866 4528860021.0
40.549529 -74.198153 4528869268.0
40.544144 -74.188922 4589729316.0
40.548822 -74.193129 5473008534.0
40.54901 -74.193363 5473008535.0
40.549081 -74.193289 5473008536.0
40.548875 -74.193044 5473008537.0
40.544513 -74.195499 5473106263.0
40.545189 -74.195318 5473106264.0
40.545133 -74.19537 5473106265.0
40.544881 -74.19579 5473106266.0
40.565474 -74.183001 5490610789.0
40.565443 -74.183218 5490610795.0
40.553565 -74.19221 5490611384.0
40.553686 -74.193412 5490611393.0
40.561403 -74.183494 5490620127.0
40.561255 -74.183465 5490620129.0
40.561079 -74.183411 5490620131.0
40.560908 -74.183351 5490620132.0
40.561568 -74.183527 5490620135.0
40.554598 -74.183935 5490623292.0
40.550759 -74.181518 5506202734.0
40.551 -74.181876 5506202735.0
40.542784 -74.193263 5516523976.0
40.552218 -74.191519 5574638473.0
40.554786 -74.196464 5633122800.0
40.554412 -74.198674 5633122807.0
40.561526 -74.171898 5851297412.0
40.56419 -74.181088 6933080300.0
40.560596 -74.181744 6933080316.0
40.560593 -74.181776 6933080318.0
40.560568 -74.182078 6933080320.0
40.560564 -74.182123 6933080321.0
40.560536 -74.18245 6933080324.0
40.560427 -74.183247 6933080325.0
40.545339 -74.189592 6935394206.0
40.545323 -74.189527 6935394207.0
40.550786 -74.194472 6993028898.0
40.553109 -74.200285 7148010505.0
40.552438 -74.199959 7148010506.0
40.551645 -74.190195 7148337489.0
40.55179 -74.190361 7148337521.0
40.564584 -74.184327 7387823359.0
40.547709 -74.182777 7597439622.0
40.547319 -74.18315 7597439623.0
40.558268 -74.197062 7669159773.0
40.558546 -74.197336 7669159776.0
40.558182 -74.196976 7669159777.0
40.557912 -74.196706 7669159780.0
40.557531 -74.196314 7669159784.0
40.548332 -74.196228 7686713364.0
40.548356 -74.196176 7686713365.0
40.548485 -74.196174 7686713366.0
40.548384 -74.19615 7686713367.0
40.54186 -74.185763 7797429376.0
40.541873 -74.185715 7797429377.0
40.54189 -74.185676 7797429378.0
40.547859 -74.195139 7805501949.0
40.547848 -74.195177 7805501952.0
40.547756 -74.195494 7805501953.0
40.547638 -74.195903 7805501957.0
40.547532 -74.196267 7805501959.0
40.547396 -74.196733 7805501961.0
40.5473 -74.19706 7805501963.0
40.547198 -74.197413 7805501965.0
40.54708 -74.197826 7805501967.0
40.546987 -74.198156 7805501969.0
40.546883 -74.198522 7805501971.0
40.555135 -74.184164 7808484603.0
40.555142 -74.184125 7808484604.0
40.555012 -74.184655 7808484605.0
40.555022 -74.184707 7808484606.0
40.555921 -74.184068 7808484607.0
40.555938 -74.184095 7808484608.0
40.553312 -74.188223 7808484639.0
40.553214 -74.188225 7808484640.0
40.553291 -74.188243 7808484641.0
40.553242 -74.188242 7808484642.0
40.55276 -74.187698 7808484647.0
40.556008 -74.184571 7808500942.0
40.555037 -74.183548 7808501137.0
40.557802 -74.179649 7808513519.0
40.557799 -74.179545 7808513520.0
40.557781 -74.179483 7808513521.0
40.557727 -74.179398 7808513522.0
40.557637 -74.17934 7808513523.0
40.557665 -74.179353 7808513524.0
40.557803 -74.179599 7808513525.0
40.555688 -74.17934 7808513526.0
40.555746 -74.179259 7808513527.0
40.556171 -74.179049 7808513528.0
40.554974 -74.202794 7962549556.0
40.554374 -74.202516 7963751107.0
40.553784 -74.202229 8178147678.0
40.551157 -74.186787 8262565293.0
40.551274 -74.186757 8262565294.0
40.550978 -74.184421 8262565295.0
40.551153 -74.18427 8262565297.0
40.542573 -74.196854 8262599328.0
40.544647 -74.19513 8262599333.0
40.544614 -74.194944 8262599334.0
40.545733 -74.195398 8262599335.0
40.546006 -74.196549 8262599337.0
40.545895 -74.196839 8262599338.0
40.545744 -74.197588 8262599339.0
40.54537 -74.198235 8262599340.0
40.543484 -74.19681 8262599344.0
40.543188 -74.194618 8262599350.0
40.543265 -74.194339 8262599351.0
40.543937 -74.194645 8262599352.0
40.543862 -74.194918 8262599353.0
40.546781 -74.185824 8262678317.0
40.546574 -74.186002 8262678318.0
40.546996 -74.18674 8262678319.0
40.547137 -74.186619 8262678320.0
40.547768 -74.188332 8262678321.0
40.547948 -74.188176 8262678322.0
40.548601 -74.184252 8262678361.0
40.54841 -74.184419 8262678362.0
40.548982 -74.185041 8262678363.0
40.54882 -74.18518 8262678364.0
40.549702 -74.191969 8262678375.0
40.548564 -74.193065 8262678394.0
40.548255 -74.193882 8262678395.0
40.546504 -74.192411 8262678411.0
40.546833 -74.191386 8262678412.0
40.546989 -74.191686 8262678413.0
40.547325 -74.190643 8262678414.0
40.547492 -74.190965 8262678415.0
40.54912 -74.19252 8262678416.0
40.547941 -74.190204 8262678437.0
40.547806 -74.189929 8262678438.0
40.549577 -74.186753 8262678447.0
40.549798 -74.186563 8262678448.0
40.549205 -74.185968 8262678449.0
40.549394 -74.185799 8262678450.0
40.547404 -74.187521 8262678475.0
40.547537 -74.187406 8262678476.0
40.551376 -74.185222 8262678524.0
40.551544 -74.185081 8262678525.0
40.548879 -74.179984 8374281267.0
40.549047 -74.180513 8374281268.0
40.54918 -74.180398 8374281269.0
40.549955 -74.17972 8374281270.0
40.549928 -74.179432 8374281271.0
40.550325 -74.18042 8374281272.0
40.550394 -74.180599 8374281273.0
40.549568 -74.181177 8374281274.0
40.54944 -74.181287 8374281275.0
40.554441 -74.200977 8393056015.0
40.563191 -74.18718 8459917140.0
40.558639 -74.197429 8459935339.0
40.562554 -74.19108 8479257977.0
40.55808 -74.180448 9382654105.0
40.561571 -74.171989 9883543014.0
40.561448 -74.171981 9883543017.0
40.563928 -74.185188 9932473771.0
40.563938 -74.185056 9932473772.0
40.564414 -74.185005 9932473773.0
40.564388 -74.184763 9932473774.0
40.564685 -74.184075 9932473775.0
40.564692 -74.184027 9932473776.0
40.564688 -74.18401 9932473777.0
40.564675 -74.184001 9932473778.0
40.564549 -74.183978 9932473779.0
40.564692 -74.184018 9932473780.0
40.563171 -74.183937 9932473786.0
40.56318 -74.183967 9932473787.0
40.563154 -74.183908 9932473788.0
40.561323 -74.183478 9932473790.0
40.561737 -74.18356 9932473791.0
40.562377 -74.183615 9932473792.0
40.5624 -74.183574 9932473793.0
40.562463 -74.183521 9932473794.0
40.562333 -74.184323 9932473795.0
40.562353 -74.184353 9932473796.0
40.562319 -74.184286 9932473797.0
40.562337 -74.183993 9932473798.0
40.562451 -74.184382 9932473799.0
40.562989 -74.18387 9932473800.0
40.562871 -74.184459 9932473801.0
40.562963 -74.184448 9932473802.0
40.563066 -74.184367 9932473803.0
40.563001 -74.184418 9932473804.0
40.562764 -74.185187 9932473805.0
40.562721 -74.185207 9932473806.0
40.562617 -74.185279 9932473807.0
40.562665 -74.185256 9932473808.0
40.562742 -74.185195 9932473809.0
40.562791 -74.185186 9932473810.0
40.561754 -74.184525 9932473811.0
40.561733 -74.185047 9932473812.0
40.561781 -74.185148 9932473813.0
40.561736 -74.185086 9932473814.0
40.56176 -74.185138 9932473815.0
40.561921 -74.185172 9932473816.0
40.562109 -74.185204 9932503917.0
40.562034 -74.185191 9932503919.0
40.56235 -74.185245 9932503921.0
40.562311 -74.185238 9932503922.0
40.563195 -74.185166 9932503923.0
40.563114 -74.185244 9932503924.0
40.563182 -74.185207 9932503925.0
40.56314 -74.185241 9932503926.0
40.563205 -74.185059 9932503929.0
40.56324 -74.184701 9932503930.0
40.563234 -74.184758 9932503933.0
40.563163 -74.184202 9932503934.0
40.563565 -74.184434 9932503935.0
40.564233 -74.184571 9932503936.0
40.56432 -74.184611 9932503937.0
40.564371 -74.184703 9932503938.0
40.562156 -74.183643 9932503945.0
40.561695 -74.184222 9932503946.0
40.561724 -74.18429 9932503947.0
40.561731 -74.184348 9932503948.0
40.561759 -74.184584 9932503950.0
40.561209 -74.184098 9932503951.0
40.561177 -74.184145 9932503952.0
40.561223 -74.184089 9932503953.0
40.561186 -74.184121 9932503954.0
40.561436 -74.184128 9932503955.0
40.561151 -74.184406 9932503957.0
40.561009 -74.184852 9932503959.0
40.561014 -74.184793 9932503960.0
40.560977 -74.185195 9932503966.0
40.560898 -74.185821 9932503967.0
40.560917 -74.185842 9932503968.0
40.560884 -74.185787 9932503969.0
40.560886 -74.185795 9932503973.0
40.56144 -74.18605 9932503974.0
40.561373 -74.18593 9932503975.0
40.561439 -74.186005 9932503976.0
40.561404 -74.185941 9932503977.0
40.561424 -74.186204 9932503979.0
40.561668 -74.186896 9932503982.0
40.560651 -74.186693 9932503983.0
40.561022 -74.186812 9932503987.0
40.560974 -74.186804 9932503988.0
40.562079 -74.186925 9932503990.0
40.562102 -74.186928 9932503991.0
40.562389 -74.186977 9932503993.0
40.563491 -74.187204 9932503994.0
40.563229 -74.187186 9932503996.0
40.56389 -74.187244 9932503997.0
40.563874 -74.187241 9932503998.0
40.562805 -74.187073 9932503999.0
40.56009 -74.186575 9932504000.0
40.560003 -74.186433 9932504001.0
40.560048 -74.18656 9932504002.0
40.560005 -74.18648 9932504003.0
40.560032 -74.18655 9932504004.0
40.560009 -74.186511 9932504005.0
40.560153 -74.185919 9932504006.0
40.560035 -74.186176 9932504007.0
40.560085 -74.186068 9932504008.0
40.560209 -74.185489 9932504009.0
40.560248 -74.185104 9932504010.0
40.560296 -74.184607 9932504011.0
40.560276 -74.184494 9932504012.0
40.560273 -74.184463 9932504013.0
40.560327 -74.183796 9932504014.0
40.560346 -74.1836 9932504015.0
40.560387 -74.183302 9932504016.0
40.560405 -74.18327 9932504017.0
40.560529 -74.182535 9932504018.0
40.560505 -74.180948 9932504019.0
40.560496 -74.180916 9932504020.0
40.560552 -74.18135 9932504021.0
40.560539 -74.181253 9932504022.0
40.560608 -74.181608 9932504023.0
40.560597 -74.181492 9932504024.0
40.560605 -74.181633 9932504025.0
40.560744 -74.184155 9932504026.0
40.560444 -74.18412 9932504027.0
40.560656 -74.184158 9932504028.0
40.561155 -74.184351 9932504037.0
40.561334 -74.186718 9932504038.0
40.563588 -74.184438 9940698997.0
40.563741 -74.185096 9940699004.0
40.562162 -74.183644 9940939437.0
40.56321 -74.185011 9940939441.0
40.562639 -74.185269 9940939444.0
40.562431 -74.184379 9940939450.0
40.561757 -74.18476 9940939454.0
40.561367 -74.184104 9940939457.0
40.561423 -74.184122 9940939458.0
40.561482 -74.18351 9940939459.0
40.5607 -74.184157 9940939472.0
40.56034 -74.183663 9940939491.0
40.561953 -74.183603 9940939503.0
40.561668 -74.183547 9940939505.0
40.560747 -74.180523 9940939507.0
40.559966 -74.180482 9940939543.0
40.560057 -74.180258 9940939544.0
40.560046 -74.180403 9940939545.0
40.560522 -74.18057 9940939546.0
40.561361 -74.180742 9940939549.0
40.561145 -74.182392 9940939550.0
40.544445 -74.19592 9959984618.0
40.5443 -74.195908 9959984620.0
40.545917 -74.196783 9959984621.0
40.545876 -74.196663 9959984622.0
40.545217 -74.198357 9959984623.0
40.545349 -74.198293 9959984624.0
40.543762 -74.197531 9959984690.0
40.543313 -74.196925 9959984902.0
40.543915 -74.197605 9959984942.0
40.543871 -74.194884 9959984976.0
40.543975 -74.194829 9959984977.0
40.544517 -74.195069 9959984978.0
40.545205 -74.182946 10210512028.0
40.54544 -74.183627 10210512029.0
40.54561 -74.18348 10210512030.0
40.545401 -74.18366 10210512031.0
40.545787 -74.184438 10210512073.0
40.546001 -74.184255 10210512074.0
40.546386 -74.185038 10210512075.0
40.546181 -74.185216 10210512076.0
40.554649 -74.201787 10228830600.0
40.556317 -74.200346 10228830602.0
40.556202 -74.200511 10228830603.0
40.556093 -74.200696 10228830604.0
40.556943 -74.1997 10228830606.0
40.556785 -74.199855 10228830607.0
40.552629 -74.191289 10228830613.0
40.551385 -74.19386 10228911141.0
40.552636 -74.199077 10228911284.0
40.554147 -74.200552 10228911286.0
40.552287 -74.200531 10228911294.0
40.552326 -74.200662 10228911295.0
40.552301 -74.200641 10228911296.0
40.552283 -74.200579 10228911297.0
40.552492 -74.19975 10228911299.0
40.555372 -74.198679 10228911300.0
40.554612 -74.193926 10228911378.0
40.554644 -74.193873 10228911379.0
40.554719 -74.193947 10228911380.0
40.554741 -74.193912 10228911381.0
40.554768 -74.193664 10228911382.0
40.554811 -74.193506 10228911440.0
40.555735 -74.195083 10228911442.0
40.555928 -74.19466 10228911443.0
40.555892 -74.194816 10228911445.0
40.555966 -74.194887 10228911446.0
40.555926 -74.19479 10228911448.0
40.555975 -74.194842 10228911449.0
40.554845 -74.193745 10228911450.0
40.554806 -74.193635 10228911451.0
40.554857 -74.193691 10228911452.0
40.55207 -74.190904 10228911453.0
40.551842 -74.191086 10228911454.0
40.551997 -74.19082 10228911455.0
40.557669 -74.196948 10228911456.0
40.55778 -74.19676 10228911457.0
40.557594 -74.196876 10228911458.0
40.557708 -74.196682 10228911459.0
40.557244 -74.198575 10228911460.0
40.557361 -74.198612 10228911461.0
40.557407 -74.198599 10228911462.0
40.556537 -74.196086 10228911463.0
40.556598 -74.196041 10228911464.0
40.556631 -74.196041 10228911465.0
40.556566 -74.196055 10228911466.0
40.555953 -74.197236 10228911468.0
40.555952 -74.197057 10228911469.0
40.555932 -74.1972 10228911470.0
40.555933 -74.197104 10228911471.0
40.557107 -74.199539 10228911595.0
40.558837 -74.197623 10228911599.0
40.557742 -74.196657 10228911600.0
40.557791 -74.196708 10228911601.0
40.557881 -74.196673 10228911602.0
40.557736 -74.196525 10228911603.0
40.557593 -74.196894 10228911604.0
40.557654 -74.196957 10228911605.0
40.557657 -74.197067 10228911606.0
40.55577 -74.195024 10228911651.0
40.555845 -74.195098 10228911652.0
40.556501 -74.199983 10228911833.0
40.553931 -74.201358 10228911848.0
40.553661 -74.201336 10228911849.0
40.553688 -74.201348 10228911850.0
40.554299 -74.20152 10228911851.0
40.554306 -74.201494 10228911852.0
40.555743 -74.202265 10228911853.0
40.555776 -74.20228 10228911854.0
40.549507 -74.198137 10228911884.0
40.549565 -74.198295 10228911885.0
40.549566 -74.198245 10228911886.0
40.549419 -74.197109 10228911887.0
40.549426 -74.197067 10228911888.0
40.549413 -74.196991 10228911889.0
40.553388 -74.202053 10229049905.0
40.553395 -74.202025 10229049906.0
40.552725 -74.201742 10229049907.0
40.552736 -74.201701 10229049908.0
40.550877 -74.20084 10229049909.0
40.55078 -74.2008 10229049910.0
40.547664 -74.199016 10229072965.0
40.547592 -74.198766 10229072966.0
40.547618 -74.198975 10229072967.0
40.547583 -74.198841 10229072968.0
40.54972 -74.192876 10229073066.0
40.549656 -74.192865 10229073067.0
40.547916 -74.194572 10229073169.0
40.548088 -74.194647 10229073170.0
40.548079 -74.194643 10229073171.0
40.547789 -74.195381 10229073172.0
40.547163 -74.197535 10229073180.0
40.546782 -74.199142 10229073184.0
40.546743 -74.199014 10229073185.0
40.549232 -74.199662 10229073195.0
40.550783 -74.20084 10229073196.0
40.550857 -74.200872 10229073197.0
40.548714 -74.198664 10229073198.0
40.548451 -74.199423 10229073199.0
40.548892 -74.200002 10229073221.0
40.548806 -74.199969 10229073222.0
40.548808 -74.200024 10229073223.0
40.548865 -74.200049 10229073224.0
40.548712 -74.2001 10229073225.0
40.548872 -74.199684 10229073226.0
40.548957 -74.19972 10229073227.0
40.550866 -74.197819 10229073233.0
40.550696 -74.197865 10229073234.0
40.550812 -74.197806 10229073235.0
40.550728 -74.197826 10229073236.0
40.552187 -74.190807 10229073239.0
40.552037 -74.19079 10229073240.0
40.552087 -74.19084 10229073241.0
40.551529 -74.190239 10229073242.0
40.548848 -74.193161 10229073243.0
40.550695 -74.200928 10229073245.0
40.553957 -74.201576 10233664908.0
40.554556 -74.201852 10233664909.0
40.555143 -74.202124 10233664910.0
40.55598 -74.203046 10233682228.0
40.55378 -74.202244 10233682259.0
40.554373 -74.20252 10233682260.0
40.554972 -74.202801 10233682261.0
40.549831 -74.199913 10233682294.0
40.550075 -74.199227 10233682317.0
40.55044 -74.198509 10233682340.0
40.551843 -74.199079 10233682341.0
40.551674 -74.19989 10233682342.0
40.547826 -74.198217 10233682376.0
40.547739 -74.198264 10233682378.0
40.548049 -74.197437 10233682407.0
40.549194 -74.197901 10233682455.0
40.548594 -74.197634 10233682456.0
40.548895 -74.196616 10233682457.0
40.549343 -74.198924 10233682458.0
40.548524 -74.194954 10233682459.0
40.548479 -74.194827 10233682460.0
40.5485 -74.194678 10233682461.0
40.549867 -74.195425 10233682526.0
40.548778 -74.194154 10233682528.0
40.549747 -74.196136 10233682584.0
40.549154 -74.193465 10233682586.0
40.549164 -74.193316 10233682587.0
40.549028 -74.193488 10233682588.0
40.555602 -74.199031 10233682804.0
40.556466 -74.197664 10233682908.0
40.557546 -74.197062 10233682909.0
40.557518 -74.196925 10233682910.0
40.552004 -74.192206 10233683054.0
40.551774 -74.193219 10233683056.0
40.550821 -74.191832 10233683058.0
40.551583 -74.190895 10233683059.0
40.55154 -74.190921 10233683060.0
40.551628 -74.190894 10233683061.0
40.555011 -74.195578 10233683131.0
40.548144 -74.196866 10233683217.0
40.547962 -74.197483 10233683220.0
40.547128 -74.197659 10233683223.0
40.546836 -74.198686 10233683226.0
40.547352 -74.196409 10233683229.0
40.546861 -74.198165 10233683230.0
40.561425 -74.172692 10309563664.0
40.561096 -74.172612 10309563665.0
40.550852 -74.200497 10571998088.0
40.55095 -74.200537 10571998089.0
40.546502 -74.198739 10572003287.0
40.546438 -74.198781 10572003288.0
40.54649 -74.198762 10572003289.0
40.546455 -74.198782 10572003290.0
40.546165 -74.19864 10572003291.0
40.546128 -74.198502 10572003292.0
40.546143 -74.198619 10572003293.0
40.546124 -74.198549 10572003294.0
40.540721 -74.187176 10601669307.0
40.540635 -74.187457 10601669308.0
40.540313 -74.187147 10601669309.0
40.54743 -74.181904 10602638197.0
40.547232 -74.182075 10602638198.0
40.547809 -74.182707 10602638199.0
40.548011 -74.183637 10602638200.0
40.548187 -74.183486 10602638201.0
40.552478 -74.19091 10602638202.0
40.565289 -74.183354 10602638203.0
40.56485 -74.18154 10602638204.0
40.56467 -74.183078 10602638205.0
40.563974 -74.182934 10602638206.0
40.564157 -74.181389 10602638207.0
40.563456 -74.181218 10602638208.0
40.563267 -74.182783 10602638209.0
40.563509 -74.180795 10602638210.0
40.5628 -74.180653 10602638211.0
40.562753 -74.181072 10602638212.0
40.561406 -74.180355 10602638213.0
40.561354 -74.180798 10602638214.0
40.56069 -74.180232 10602638215.0
40.559961 -74.180538 10602638216.0
40.560002 -74.18012 10602638217.0
40.557719 -74.180415 10602638218.0
40.55707 -74.181067 10602638219.0
40.556867 -74.181154 10602638220.0
40.556899 -74.180914 10602638221.0
40.556035 -74.182025 10602638222.0
40.55327 -74.184887 10602638223.0
40.552068 -74.186348 10602638224.0
40.551899 -74.186005 10602638225.0
40.549607 -74.188243 10602638226.0
40.549014 -74.188729 10602638227.0
40.559921 -74.181834 10682009808.0
40.559961 -74.181362 10682009809.0
40.559929 -74.181053 10682009810.0
40.560229 -74.178085 10682009828.0
40.560174 -74.177954 10682009829.0
40.560232 -74.178038 10682009830.0
40.560203 -74.177971 10682009831.0
40.563096 -74.178725 10682009833.0
40.563647 -74.178807 10682009834.0
40.563706 -74.178921 10682009835.0
40.556113 -74.178087 10682009842.0
40.55626 -74.178096 10682009843.0
40.557292 -74.178321 10682009844.0
40.55742 -74.178199 10682009845.0
40.557396 -74.178277 10682009846.0
40.557333 -74.178325 10682009847.0
40.555569 -74.178312 10682009848.0
40.55551 -74.178286 10682009849.0
40.555549 -74.178316 10682009850.0
40.55552 -74.178303 10682009851.0
40.550809 -74.187059 10682009879.0
40.53751 -74.19461 10682009965.0